-0.0490793
-0.0395156
-0.00787791
-0.0769346
-0.0180512
-0.0482316
0.013922
0.0610457
-0.0516435
-0.0128348
0.0404335
0.0046074
0.143185
0.393165
0.0606369
-0.0247986
0.0588206
0.0191101
-0.0353788
-0.0107744
-0.0693572
-0.0621621
-0.0432144
-0.0586401
0.186147
0.0103868
-0.0375025
0.0236001
-0.042896
-0.011575
-0.00393838
-0.00460326
-0.00324317
-0.0135424
-0.0461888
-0.0314376
-0.0120565
0.0349885
-0.0151997
-0.070356
-0.0299927
-0.0447918
-0.0109363
0.0170545
-0.0932405
0.0319654
-0.00497075
0.0635825
0.0224285
-0.0403695
-0.0466995
-0.0132833
-0.0100775
-0.0129197
0.0276148
-0.0315736
-0.0182246
0.0636481
0.0754649
-0.0337261
0.00145839
0.0370167
0.0116489
-0.00441309
-0.046035
0.0574636
-0.0381099
-0.00269816
0.00126142
-0.00221239
-0.00750789
-0.019842
-0.0107336
0.0121166
-0.0347221
-0.0186936
-0.0170227
0.0300788
-0.0170052
0.0282463
0.0374413
-0.0670175
-0.0419204
0.00229534
0.0774421
-0.0193145
0.0081177
-0.0282985
0.0517071
-0.0581355
-0.0489268
-0.0437324
-0.0369422
-0.0360109
-0.0194874
-0.0433262
-0.0466944
-0.0046411
0.00688297
-0.0272874
-0.0420597
-0.0702192
0.0226818
0.0837589
0.00334422
-0.011068
-0.00954682
-0.037759
0.0180627
-0.0376373
0.0491595
0.0521324
-0.0189299
0.057973
0.185151
0.10242
0.0565369
0.0333718
-0.0293575
-0.0695356
-0.00469008
-0.0375097
0.0470893
-0.0244894
-0.0438215
0.0313438
0.0935774
-0.0402032
-0.0307331
-0.0568179
0.0874456
-0.00197442
0.0360498
-0.0164504
-0.0185018
-0.0216637
0.0183787
0.00217663
0.0282408
0.0213281
-0.084491
-0.0760726
-0.0388808
-0.00565488
0.0609279
-0.0145414
-0.0517875
0.0584656
0.0415593
-0.0383943
0.169175
0.0501695
-0.0517232
-0.0507309
-0.0727488
-0.0144083
0.0114789
0.00281149
-0.00375793
-0.0372648
0.0103016
-0.0081971
-0.0133865
-0.0186299
-0.0558254
0.21251
0.00576323
0.161853
-0.0546263
0.0292566
0.122212
-0.0496018
0.0790632
0.196156
0.229921
-0.0662648
-0.0488595
0.00730911
-0.0418031
-0.0443202
-0.0326629
0.0040839
-0.0397887
0.0231523
-0.00676709
-0.0414692
-0.0108992
-0.0130388
-0.00627319
-0.0409505
0.0756051
-0.0167085
-0.0451484
0.00563352
-0.0540241
0.10382
0.0496822
-0.0192888
0.0697774
0.117208
-0.0155603
0.0365705
-0.054297
-0.0444857
-0.00870007
0.0746823
0.00517308
0.31613
-0.0151038
-0.018283
0.00567951
-0.028324
0.00185315
-0.0603359
-0.0402775
-0.00487131
-0.0129401
0.0382667
0.0422178
-0.0310242
0.0441697
0.0383494
-0.0787172
0.0767521
-0.0255689
-0.0108671
-0.0291496
0.0558255
-0.0223917
-0.0432859
-0.016537
-0.0291535
-0.0803256
-0.0130123
0.0441049
0.0217933
-0.0437415
-0.0500049
0.00445452
-0.0285324
-0.0451156
0.0343208
-0.0419419
0.104929
-0.0355072
0.0333192
0.0313644
-0.0049085
0.0144947
-0.00573809
0.0986776
-0.0259612
0.0181507
0.00181264
-0.0812392
0.0956678
-0.0188832
0.0314712
0.0344239
-0.0477174
-0.0232659
0.102013
-0.016159
-0.00956793
0.0157721
-0.0740208
0.0745628
0.131629
-0.000233136
-0.0498924
0.0886279
-0.0381189
0.00684931
-0.0149928
0.0536077
0.0647662
-0.0949073
-0.0246332
-0.0130442
-0.0205633
0.0543313
-0.0233262
-0.0265011
-0.0075279
0.0282561
0.0531949
0.0391936
0.0178499
0.00250998
-0.0185825
0.0456594
0.0332887
-1.85667e-05
0.00950586
-0.00790487
-0.0498477
-0.00162308
0.0265334
0.00964914
0.0476147
-0.0545868
0.0940587
-0.0674876
0.027736
0.00641092
-0.0430567
0.0105227
-0.0546937
0.0425828
-0.0193587
0.0147501
0.158873
-0.00276697
0.000446502
0.0409262
-0.0260088
-0.0419192
0.0123496
0.0104426
0.0683391
-0.0709917
-0.0332342
-0.0697829
0.00647863
-0.043032
-0.0184598
-0.0591548
0.0234742
0.00247515
-0.00929292
0.000410539
0.121814
0.0307058
-0.00905704
-0.0421394
-0.0660794
-0.0383822
-0.0307963
-0.0665825
0.0665008
0.00636138
-0.0371003
0.0497139
0.0478347
-0.0317583
-0.00840235
-0.0228506
0.0422537
-0.0751617
0.0588209
-0.0539194
-0.0456362
0.0215219
0.054997
-0.0293394
0.000753655
0.0100444
-0.0683178
0.0155182
-0.0292509
-0.0500158
-0.0477634
0.146618
0.0112114
-0.0158133
-0.00301219
-0.0448835
-0.0548771
0.0228847
0.0121938
-0.0172344
-0.0474297
-0.00541303
-0.0561895
0.0323754
0.123583
0.00180794
-0.046047
0.0108398
0.0539436
-0.0146479
0.0127585
-0.00285736
-0.0520306
-0.0638472
-0.0213941
-0.027971
-0.00408896
-0.0139371
0.030512
-0.0436208
-0.0791518
0.0443442
0.0319373
-0.026502
0.0311767
-0.0581029
-0.016119
-0.0308589
-0.0189277
-0.0587051
0.068807
0.0616024
0.0146113
0.0499992
0.106314
0.0481525
0.0546729
-0.0168732
-0.0502897
-0.0587897
-0.026054
0.0545894
-0.0108071
-0.0475103
0.100625
0.023352
0.0445335
0.00620002
-0.0648242
-0.0455425
-0.0355066
-0.0230342
0.0339604
-0.0727415
-0.0098711
-0.0291245
0.0774377
0.00808327
-0.0161267
-0.0039348
0.00960712
0.00145124
-0.00643538
-0.0130099
-0.0562521
-0.0354291
0.0333288
-0.0439907
-0.0144657
-0.0119443
-0.0215892
-0.00482577
-0.0620873
-0.0402191
-0.0358886
-0.0302056
-0.0668974
-0.0200972
-0.0420113
0.00186844
-0.0628382
-0.00947392
-0.0494493
0.0654349
-0.0665107
-0.00206766
-0.0322079
-0.0700269
-0.0427163
0.0115078
0.0172881
-0.0106559
-0.0471803
0.000150295
-0.02774
-0.0278635
-0.00913806
0.0471106
-0.0215933
0.00356688
-0.0485334
0.283067
2.30983
-0.05283
-0.0251573
-0.0325232
-0.0240703
-0.0642481
0.0452685
0.151832
-0.0286996
-0.044202
-0.0507901
-0.0194888
0.152943
-0.00219993
-0.0648024
-0.0364308
-0.0566859
0.035847
-0.0109074
-0.0513865
0.338184
0.000111787
0.00836976
-0.0452864
0.0583635
0.075573
-0.056892
-0.0203539
0.0464423
0.0306782
-0.0580061
-0.0328062
-0.0410668
-0.0235805
-0.0934115
0.00982391
-0.0238423
-0.0349497
-0.0113486
0.0536008
0.0971465
-0.0289763
0.0125443
-0.0442511
1.15713
-0.072038
-0.03471
-0.0707355
0.0379221
0.00419074
0.0014302
0.0122087
-0.0564991
-0.0120227
0.0306261
-0.0394117
0.111176
0.0472859
0.0207901
0.0499918
-0.0217982
-0.014856
-0.0568632
-0.0450322
-0.0339587
0.00925495
0.138872
0.0871221
-0.000681088
0.0145001
-0.0769385
0.0582444
-0.0395618
-0.0331118
-0.0101872
0.0145963
0.0231084
-0.0420183
-0.00898296
-0.0446302
0.00811884
-0.0043575
-0.0217115
0.0694538
-0.020424
-0.0645078
0.055907
-0.026626
-0.0167784
-0.0666663
0.0454233
-0.013509
0.0328136
0.031593
-0.0106118
-0.0712058
-0.0495508
-0.0376593
-0.00634183
-0.0303234
-0.0646734
-0.0569147
-0.00979706
-0.0236227
-0.0562426
0.0934542
0.0671474
-0.0274115
-0.0354367
-0.000905389
0.0175852
0.0285168
-0.0675812
0.103863
0.0227956
-0.0183123
-0.0104493
-0.0444543
0.0811079
-0.0634354
0.0218556
0.0987448
-0.0281456
0.23745
-0.0180101
0.017908
-0.03163
0.0575729
0.0642122
-0.0358187
-0.0223328
-0.0278786
0.0187505
-0.00502826
-0.0657925
0.0397601
0.057324
-0.0371145
-0.0576573
-0.00694979
-0.0100273
-0.0256817
0.0997535
-0.0857118
-0.0192694
-0.0151722
0.0719974
0.0228972
-0.0251447
-0.0418335
0.0191981
-0.00741559
0.00450802
-0.0302574
-0.0621787
0.00434889
-0.00162658
-0.0452083
0.0558925
0.0119766
-0.0459798
-0.0458043
-0.0494825
0.101467
-0.0258707
0.00228666
-0.0335002
-0.0433926
-0.0511632
0.028833
0.419551
-0.0369015
-0.0147169
-0.00182034
-0.0704846
-0.0301102
-0.0171709
-0.0187195
-0.087873
0.0264675
0.0897567
-0.0173336
0.169627
-0.0205995
0.0928369
0.0124558
0.0125598
0.027859
0.0968556
-0.0159727
0.118757
0.00803073
-0.0438619
-0.00557093
-0.0567981
-0.0327553
-0.0172634
-0.0645782
-0.0490292
-0.0144016
0.060928
-0.0465358
-0.0143433
-0.0169869
0.00247833
-0.0520947
0.0402353
-0.00931019
-0.0239862
-0.0325025
-0.0576799
-0.00696504
-0.0128263
-0.0744896
0.0115729
-0.032247
-0.0348509
-0.0447466
-0.0532992
-0.0429719
0.0255739
-0.0325965
-0.0269701
-0.0210874
-0.014761
-0.0668072
-0.0401609
-0.0350521
0.00805987
-0.0107505
-0.0535456
-0.0428193
-0.0366028
0.0237072
-0.0406813
0.00807922
-0.0396113
0.00210743
-0.00569797
-0.0149956
0.0255391
-0.0826928
-0.00354795
-0.0466163
0.0163253
0.0290993
0.106023
-0.0703021
0.0776351
-0.00733729
-0.0273657
0.0673477
-0.0230859
-0.0261665
-0.0189006
-0.0570127
0.0257053
0.0451827
-0.00701472
-0.0677785
-0.0504868
0.0163776
-0.100784
-0.0595244
0.255121
0.00270949
0.00695232
0.018308
-0.0348715
0.00674807
-0.0148924
0.0496343
-0.0273757
-0.0151443
0.0427698
-0.039257
-0.0656699
0.0606941
-0.0229653
-0.0214828
-0.0546385
0.00371122
-0.0366422
-0.0212906
-0.046816
-0.04848
-0.0595986
-0.0350686
0.00726367
-0.0483267
-0.00111201
0.154336
0.00837114
0.0803778
0.0828649
0.0370862
6.03284e-05
-0.0311504
0.142833
-0.00974919
0.151418
-0.0494327
0.00830252
-0.00874167
-0.0235809
-0.0039411
0.0647512
0.0830014
-0.0121538
-0.00789251
-0.0392203
0.112562
-0.0178195
-0.0239758
-0.0154541
0.0156624
-0.0764916
0.0468798
0.00116328
0.0078563
-0.0622807
0.00704321
-0.022807
-0.0197052
-0.0745036
-0.00772863
-0.0343022
-0.0218427
-0.0481006
0.0641883
-0.0152696
-0.0687747
0.0101993
0.0105318
-0.00988698
-0.0741619
0.115526
0.0375063
-0.0197453
-0.000892003
-0.0538431
-0.0483839
0.127058
0.0753428
0.0292768
-0.0898746
-0.0308263
0.0353344
-0.0520573
-0.0759284
-0.0633241
-0.0590661
-0.00952567
-0.0149599
-0.068238
0.0497648
0.0457346
0.527417
0.000446001
0.0450822
0.10948
0.0261699
0.0108656
-0.0380856
-0.034596
-0.0364698
-0.019754
0.0462635
-0.0070163
0.0118404
0.285223
-0.00427741
0.00405975
0.00441228
-0.0676259
0.00478445
-0.0111117
-0.0490602
-0.0175817
0.0301689
-0.0594495
0.125243
-0.0465897
-0.0309575
-0.00956198
0.0314846
0.0457781
-0.0164283
0.0399816
0.00576797
-0.0698846
-0.0349083
-0.0243986
-0.0297052
0.0143302
-0.00796286
0.0997222
0.0432934
0.0214275
-0.0460358
0.0080306
-0.057939
0.218157
-0.0135163
0.141181
-0.0071497
0.0618649
-0.00362577
-0.00092737
-0.020552
-0.00630046
-0.0388592
-0.0744201
0.0197748
-0.0201934
0.0490607
0.0118921
-0.0398711
-0.0757234
0.0784687
0.0351034
0.0298665
-0.000653086
-0.0157183
0.0262386
-0.0426679
0.00769234
0.00432086
-0.014702
-0.0601148
-0.058714
0.0853515
-0.0152988
0.0640617
-0.0426474
0.00182316
-0.0395101
-0.0508573
-0.0498184
-0.0577261
0.0658054
-0.0415596
0.0301391
0.00611011
0.0124555
-0.00113367
0.0148901
0.0307075
-0.0412126
-0.0859179
0.0279275
-0.0133272
0.0389361
0.0385092
-0.0558908
-0.052742
-0.0808437
-0.0132465
0.0370552
0.034171
-0.0469661
-0.010535
-0.0690487
0.00768566
0.0492432
-0.048975
0.109554
0.00634337
-0.0358955
-0.0304197
-0.0172257
-0.0373321
-0.00428928
-0.0339726
-0.0377216
0.0279757
0.0295101
-0.0541865
0.0460634
-0.0668778
0.0267685
-0.0613313
0.0335796
0.154246
-0.00925634
-0.0557204
0.00140046
-0.0211812
-0.00810773
-0.0548075
-0.0314572
0.0246054
0.00228777
0.0211263
-0.0356724
-0.0470569
0.112272
0.0674106
-0.0344636
-0.068889
-0.057081
0.00318552
-0.0387976
-0.0350854
0.0482307
0.0623785
-0.0437239
-0.0289923
0.181169
-0.0435448
-0.0160786
0.0203723
0.168962
-0.0108992
0.0685627
0.0208173
-0.00455719
0.0416682
0.107161
-0.0149657
-0.00345278
-0.0676425
-0.0320294
2.06193e-05
0.0442799
0.0129522
-0.0283598
-0.0786426
0.00836458
-0.0497553
-0.00309323
0.00782391
0.087192
0.123074
-0.0353247
-0.0786053
0.0249988
0.0710101
-0.0469011
-0.00683325
0.0886614
-0.0445494
0.176346
-0.041102
0.0465617
-0.0539455
0.0193082
-0.0408978
-0.0193514
-0.0611219
-0.0209364
0.0477152
0.00476246
0.0734301
-0.0592683
-0.0199632
0.0200232
-0.00676981
0.0386257
-0.0225125
-0.0185056
0.00824898
0.02089
0.0235204
-0.0236825
-0.0388103
0.0943707
0.0414112
-0.0246053
-0.00786359
0.125835
0.0568098
-0.0500928
-0.0462038
-0.0654583
-0.0502887
0.0320903
-0.0204095
0.142259
-0.0316461
-0.00221697
-0.0170393
-0.062404
-0.0620574
-0.0500814
-0.0462383
0.0309733
-0.0918763
-0.0245186
-0.0246749
0.0392348
-0.00920039
-0.0213245
0.0143999
-0.0597989
-0.0108698
0.141762
-0.00297254
-0.0846817
-0.023992
0.00319089
-0.0244169
-0.0556368
-0.0638956
-0.0364541
0.0092279
0.0744356
-0.00790346
-0.0679208
0.0246854
0.0323512
-0.0389617
0.00856019
0.0870837
-0.0125998
0.0380976
-0.0430664
0.0295198
-0.050393
0.0553513
-0.00734002
-0.0582305
-0.00206376
-0.0565431
0.0481945
-0.0687291
0.146344
-0.0162681
-0.0468052
-0.0245614
0.135567
-0.0173333
0.0211292
0.00387436
-0.0254054
-0.0161865
0.0178178
-0.0372846
0.024556
0.0213159
0.0385899
-0.0049141
-0.0562341
0.0139338
-0.0186547
0.0123883
-0.0705419
0.016216
-0.0238669
-0.00342039
0.0205984
-0.0108718
-0.0167562
-0.0287113
0.0138287
0.0579221
-0.0398426
-0.0417121
-0.0426656
0.0769471
-0.0423113
0.202778
-0.0458278
-0.0321332
-0.0239521
0.0922952
0.0781122
0.0735821
0.0326213
0.0657336
0.024539
-0.0338605
0.0569379
-0.0473181
0.0823403
0.0757622
-0.0421055
-0.054573
-0.0748427
-0.0350686
-0.0526072
0.0141932
0.0351096
0.0375353
-0.0400233
-0.0148003
0.0708012
0.00979521
0.0111471
-0.0312195
-0.0249426
0.021641
0.0214554
-0.0279502
0.0541013
-0.0364108
0.0162182
-0.0393273
-0.0323285
-0.0561039
-0.0287411
-0.0523368
0.0137218
-0.0203921
0.000743954
-0.0259251
-0.0169196
-0.0444806
0.0386154
-0.0329116
-0.02377
0.0699374
0.0220235
-0.0621368
0.158999
0.0859807
-0.000726997
0.00805794
-0.0687489
0.00136446
-0.0451693
-0.0487031
-0.00382412
-0.0119674
-0.0316745
0.103449
0.0188068
0.00495067
0.0989284
-0.0431384
-0.0588792
-0.00746263
-0.0355349
0.0182024
-0.00973829
0.0959217
-0.0394368
0.00767767
0.0607578
-0.0373549
-0.0162291
-0.0352418
-0.00647747
0.00517769
0.141718
0.0384667
0.0637088
-0.0578153
0.00245262
-0.0555048
-0.000561108
0.050709
-0.0228788
-0.0328276
0.0199651
0.0242687
-0.018041
0.0167628
-0.0199398
0.0331354
0.210793
-0.0398256
-0.0137525
-0.0299489
0.0688787
-0.00508124
-0.065495
0.07493
-0.0539721
0.0945646
0.0655129
0.0396612
-0.0268521
-0.0480906
-0.0210836
0.0632733
0.0342575
0.0173064
0.0488022
-0.0842134
-0.0435067
0.137933
0.0561176
-0.0503066
-0.0317976
-0.054328
-0.0286508
-0.00924323
-0.0310342
0.0404547
0.0946084
-0.0596967
-0.0118365
-0.00899477
-0.00767268
-0.0350234
-0.0290545
0.0334925
0.0506372
-0.0692491
-0.0219088
-0.0214972
-0.0643778
0.0073464
0.0823626
-0.00117299
0.00585732
0.0532964
0.0243922
0.0273502
-0.0588471
-0.0415448
0.0107052
-0.0266126
0.0617494
-0.00074434
0.0013148
-0.0321964
0.0903396
0.0847496
-0.0206707
-0.0516571
0.0279421
0.069161
0.00984211
-0.0482165
-0.0144414
0.0436888
-0.0112896
-0.0395537
0.0296687
0.0578975
-0.0343626
0.0915612
-0.0639113
0.0190582
0.015126
-0.0370638
0.0353242
-0.00151133
-0.0375726
-0.0275526
0.102709
0.159831
-0.0131077
0.0185243
-0.0538471
-0.000772076
0.0163643
0.0183363
0.016405
-0.0491643
-0.035301
-0.0268114
-0.0100646
0.0259693
-0.00434684
-0.00161998
0.0213111
-0.0235334
0.00938001
0.053119
0.133275
-0.0669501
0.018456
0.048692
0.0101582
0.0739535
-0.0220261
-0.0608386
-0.0177191
-0.0454395
-0.0136411
0.00354807
0.00735415
-0.0456642
0.234927
-0.0227358
-0.0414327
0.0663123
-0.0312491
-0.0269317
-0.0211676
-0.0290972
-0.051953
-0.0421579
0.0596075
-0.0599175
0.0063991
-0.010157
0.0544525
0.0935652
-0.00666669
-0.0180624
0.0928172
-0.0366812
0.00564313
-0.0481343
0.0377768
0.0154752
-0.0208594
0.0634394
-0.0543487
-0.0750489
-0.0463919
-0.0648004
0.165792
0.00972289
-0.0413109
-0.0252427
-0.0373282
-0.065027
-0.0168491
-0.0368694
0.00614447
0.00856425
-0.0713714
-0.0486368
0.0615497
-0.0160376
-0.045008
-0.0416573
-0.0357245
0.0320409
-0.000848761
-0.0326631
-0.0718046
0.0255875
-0.0560286
-0.0393267
0.0175136
-0.0769377
-0.0232928
0.108975
-0.00638224
0.0930912
-0.02202
-0.024409
-0.0176727
-0.00915694
0.0462131
0.00263825
0.0134734
0.0311923
-0.0244539
-0.0106768
-0.0604716
-0.0235786
-0.0254789
0.110683
0.0931584
-0.0366846
0.0180298
-0.0322985
-0.0209613
0.0105018
-0.00209023
-0.0212681
0.0202235
-0.0574053
0.0123826
-0.0362537
-0.00546402
0.0728577
-0.0524946
-0.106425
-9.22189e-05
-0.028443
0.0118595
0.156359
0.0409419
0.0711795
0.212872
0.0995493
0.037102
-0.0394958
0.00773574
0.178634
-0.0126924
-0.051515
0.0147784
0.0749644
-0.00872523
-0.00950928
2.72791e-05
-0.0425337
-0.00260588
-0.00481551
-0.0768016
-0.00915691
-0.0167039
0.139321
-0.0525059
-0.0696449
0.0456587
-0.0432269
-0.0681665
0.0947278
-0.0195355
-0.0174795
0.0072469
0.0765797
0.01659
0.0196226
-0.00778478
0.0197195
-0.0191822
0.011551
-0.0350627
0.00605913
-0.00271889
0.0180151
0.00215135
-0.0287186
0.0663657
-0.032662
0.0860498
0.0596699
-0.0563198
0.0258227
0.00315344
0.0294256
-0.022648
-0.0527543
0.0141758
-0.0172004
-0.043209
-0.0884029
0.0421957
-0.020598
-0.0608403
0.00494847
0.0149076
0.0335829
-0.0690579
-0.0601036
-0.0589731
0.00308968
0.00252662
0.018673
-0.0300618
-0.0154584
-0.0272793
-0.047198
0.0436667
-0.0102027
-0.0005031
0.155247
-0.0387074
-0.0474372
-0.0171207
0.031515
-0.0086893
-0.000861524
0.0213161
0.00574353
-0.0440211
-0.0701975
0.0823792
-0.040923
0.00631728
-0.0440635
-0.0325586
-0.0457696
-0.00619793
-0.0292457
-0.0458966
-0.0525808
-0.0272929
-0.0537905
0.19746
-0.0403098
-0.000814783
-0.0222514
0.00949502
-0.00452064
-0.0353062
0.00888255
-0.0590394
0.0974388
0.0333978
0.0495145
0.0109862
-0.0870121
0.0537196
-0.0293521
-0.0479786
-0.0694619
-0.00651047
-0.00851114
0.00926835
-0.0311351
-0.0358689
-0.0243263
0.0142064
-0.0251745
-0.0486331
-0.0697242
-0.0243845
0.0226368
-0.0711207
-0.0298529
-0.0677166
0.0385122
-0.0500742
0.0225035
0.0153404
-0.0355887
-0.0808297
0.0427454
0.0885548
0.0852467
0.237232
-0.0741165
0.126257
-0.0181353
-0.0483655
0.00255363
0.180165
-0.0460584
-0.0210011
0.050089
0.048858
-0.0785551
-0.0523085
0.00180538
0.0213698
-0.0372856
0.101094
-0.0084216
-0.0151228
-0.0649955
0.0499227
-0.0184101
0.0523097
-0.0364239
0.00301439
-0.0104669
0.00702792
0.00715277
0.122298
-0.00418107
-0.0432445
-0.0478634
0.071103
0.0327469
-0.0281786
0.0144459
-0.0489032
-0.0353474
-0.0675519
0.0484164
-0.0588813
-0.0116007
0.0255887
0.00447409
0.0462082
-0.034605
-0.0130364
0.0186168
-0.00385055
-0.0444512
-0.0356779
-0.0432577
-0.0119384
-0.00326746
0.0472286
-0.0421835
-0.05261
0.043724
-0.0696479
-0.0711466
0.0849377
-0.0284615
-0.0012764
-0.0535215
-0.0573784
0.00254414
-0.0519258
-0.0404033
-0.0235775
0.00411306
0.00533053
0.0617593
-0.0325401
-0.0368078
-0.0522099
0.02367
-0.0332844
-0.0539057
-0.0452311
-0.0575803
-0.0323134
0.0349084
0.0185816
0.0187032
0.0123856
-0.0243765
0.0280796
0.108653
0.0293384
0.189738
0.00548188
-0.0240287
-0.0213779
-0.0298377
0.050362
-0.0783435
0.0940976
-0.0194275
-0.0801653
0.0922287
0.0124932
-0.0142799
-0.0477005
0.0312113
-0.0392746
-0.0180449
0.0423037
-0.0558823
0.0232646
-0.028563
-0.012889
-0.0369898
-0.0317371
-0.0417414
0.00798112
-0.0536475
0.010051
-0.0198135
0.033629
-0.0443208
-0.0337159
-0.0474328
0.00391759
-0.0353974
0.0408417
0.0578309
0.0418161
-0.0369879
-0.033065
-0.0509091
-0.0501704
-0.0715847
-0.0354331
-0.0388643
-0.0341606
0.167878
0.00463587
-0.0806902
0.0951367
-0.0427738
-0.0296815
-0.0511968
-0.0229198
0.0658422
0.043273
0.0147153
-0.0568708
0.0220616
0.00481915
0.0314837
-0.00108942
0.0629504
0.0440496
-0.0347589
-0.0132613
-0.00793636
0.0137584
0.0392496
0.00177988
-0.0793059
-0.0667084
0.0675352
0.0414707
0.0200037
-0.0637846
-0.0184147
-0.0381299
0.00697782
-0.00726289
-0.0218804
0.0690132
-0.0324695
0.0220162
0.119281
-0.0212953
-0.0272332
0.0348198
-0.042639
-0.041511
0.00364438
-0.00962584
-0.0682666
0.200038
0.0448202
0.00841882
-0.0252018
-0.0794286
-0.0489962
-0.00219093
-0.0537698
-0.00395631
0.0528156
0.0170943
-0.0955619
-0.0488225
-0.0784355
0.026136
-0.0547256
0.0155112
-0.0212017
0.094516
0.149558
0.0306069
-0.00343972
0.0573729
0.00575049
-0.00635553
0.0691304
0.0133889
-0.0696214
-0.0704302
-0.0712313
0.00964473
-0.0228773
0.0204803
0.117438
0.0265998
-0.0370961
0.0674168
-0.00356716
0.0220569
0.0258466
-0.0424867
-0.0038141
-0.0200136
-0.019356
0.0877851
0.081844
-0.086805
-0.0378233
-0.00238273
0.0226795
-0.0728708
0.00449003
-0.0195028
-0.0648692
-0.0428488
-0.0652836
-0.0189746
-0.0250503
0.0674328
-0.0593716
0.120528
-0.0104707
-0.0406778
0.0140768
0.089863
0.0657027
-0.0313288
0.0607107
0.0758757
0.0244975
0.0412508
0.00387096
-0.0136926
0.0258623
-0.0196043
-0.0392168
-0.0304224
0.097747
-0.0412972
-0.0500885
-0.0383406
-0.0276837
-0.0398983
0.012085
0.0495442
-0.0205173
0.108394
-0.0499165
-0.0153673
-0.0332813
-0.0264271
-0.052521
-0.054046
-0.0349228
0.0172758
0.0237117
-0.0343621
0.119599
-0.0495521
0.00943796
-0.0164534
-0.0242209
-0.03056
0.0604359
-0.0280024
-0.0239323
0.0377301
-0.0200351
-0.0215227
-0.0507859
0.00644161
0.0120651
0.078259
0.0513198
0.0400033
-0.0429716
0.00688738
-0.0357149
-0.014505
0.0390886
-0.0026288
-0.0369905
0.000802289
0.137345
0.00917231
-0.0214652
0.0419727
-0.0091615
0.0307948
-0.0684575
0.00973808
0.116566
0.00261201
0.0381623
0.0307202
-0.0872139
0.0858688
0.0491376
0.0415222
0.00474413
0.00211952
-0.0498266
0.0512945
0.0828413
0.0399337
0.0265432
-0.0312371
-0.03132
-0.0144461
0.0256942
-0.0470598
0.045038
0.0665562
-0.025909
0.00899272
-0.0164426
-0.045915
0.0644476
-0.0265575
0.00289974
0.0143992
0.00597868
-0.0674468
-0.0371815
-0.0251573
-0.0704555
-0.0221862
-0.0149823
-0.00383574
0.0063932
-0.0178446
0.0138716
0.0444613
0.162014
0.0571498
0.0420686
-0.0143896
-0.009481
0.0330766
-0.0378053
-0.000703894
0.134077
-0.0704729
0.0310831
-0.0101905
0.0463775
0.0413547
-0.0148733
0.0186914
-0.0647916
-0.0345603
-0.0283516
0.0411587
0.0600622
-0.02127
-0.0319366
-0.0370641
0.0217122
0.119383
-0.0448077
0.217321
-0.0390675
0.00167748
-0.0032042
0.231803
0.00963439
-0.083915
0.0231946
0.0604475
0.0123343
-0.0197896
0.0346513
-0.0264156
-0.0581628
-0.0164587
-0.000212664
0.0373503
-0.06337
0.0403886
0.0283803
-0.0481525
0.152155
-0.0274093
-0.0522562
-0.0752905
-0.0549737
-0.0328864
-0.0157442
0.0685432
-0.0454861
-0.00959442
0.0136487
0.00393499
0.0112034
-0.0326109
-0.0461927
0.0363368
0.0690397
-0.0234544
0.00202504
-0.00140222
-0.040444
0.17829
-0.074418
-0.0456502
-0.0661193
-0.0101168
-0.00750214
-0.0221082
-0.0705752
-0.0366285
-0.0129819
-0.017954
0.158219
-0.00368536
-0.0403955
-0.0553154
-0.0026207
0.0705594
-0.0530157
-0.0146116
0.000566581
-0.016035
-0.0449843
0.0199614
0.0499541
0.0731267
-0.0100053
-0.0333859
0.0562685
-0.0532403
-0.0357822
-0.038738
0.104441
-0.0260412
-0.0563368
-0.0258111
-0.00958441
-0.0415498
-0.0529494
0.130069
0.0131865
0.126628
-0.0200327
0.120536
-0.0205126
-0.000440791
0.000177923
-0.0628874
0.00981661
-0.0591802
0.00739777
0.0254277
-0.0298832
-0.0237642
0.00948208
0.137252
0.029766
0.00910778
0.114096
0.0789898
-0.0503351
-0.0676387
0.107631
0.0548359
-0.0208403
-0.0246566
0.0916148
-0.0342166
0.0742215
-0.0380711
-0.0345729
0.00936117
-0.0753325
0.0279931
0.0281891
0.0168627
-0.00541298
-0.0476666
0.0151217
-0.0566878
-0.0212945
-0.072823
-0.0280888
0.00278113
-0.0202073
-0.0143749
-0.0619532
0.0263934
-0.0161605
-0.0690615
-0.0411461
0.0518358
0.00689854
0.0322226
0.0120597
-0.0193372
-0.0658201
0.0245208
0.0926028
0.0679884
0.0797308
-0.0390369
-0.0146783
-0.0439764
0.0366171
-0.0168068
0.0748436
-0.0194248
-0.013838
0.0245489
0.0113482
0.0282777
0.117716
-0.0271243
-0.017562
0.117279
-0.019986
0.0189427
-0.0223342
-0.0586365
0.0493005
-0.0537232
0.0022928
-0.0249372
0.00553096
-0.0347332
0.062633
-0.00143534
-0.0455317
-0.02417
0.00547482
0.123476
0.0133545
-0.0693644
0.047762
-0.0292866
-0.0277904
-0.0282764
0.0996372
0.114985
0.0176258
0.00718143
0.0727904
0.00463751
0.0615516
-0.00145283
0.016307
-0.0432377
0.243438
0.00519227
0.0681088
0.055257
-0.0359149
0.00811471
-0.0360109
-0.045061
-0.00694356
0.132679
-0.0270869
-0.0102638
-0.0234515
0.0149469
0.0699198
0.0798349
0.0104505
-0.0176859
-0.025563
0.0128639
-0.0421311
0.00851285
-0.0326951
-0.0251514
0.00541664
-0.0120835
0.0549113
0.13537
-0.0228721
-0.041809
-0.014343
0.0363861
0.0121434
-0.0645339
-0.00869771
0.0175732
0.0838123
0.0314701
-0.0256722
-0.0159801
-0.00500476
-0.0519312
-0.0563114
-0.0184377
-0.00563798
-0.0526643
-0.00338852
0.0140563
0.0237443
0.214259
0.172345
-0.0635918
0.00613699
0.0821042
-0.0560709
0.00263688
-0.0211542
-0.0121968
-0.0121011
-0.0659543
-0.0269997
0.0189608
0.00752545
-0.0400615
-0.0724558
-0.0250414
-0.0788226
0.0810733
0.0360095
-0.0412119
0.0153344
0.0141677
0.041582
0.14843
-0.027593
-0.0442333
-0.0127979
-0.0230363
-0.0227066
-0.0135519
-0.0547197
0.0859606
-0.0498528
0.00310523
-0.0303873
0.0486315
-0.0373189
-0.012615
-0.0306158
-0.0351205
-0.00678883
-0.0149961
-0.0872088
-0.0390053
0.0272582
0.0111445
-0.0140756
-0.033389
-0.0209901
0.141789
0.124613
0.0442648
0.016524
0.0115141
-0.0384301
-0.0379349
0.108583
-0.0678501
0.00263972
-0.0609945
-0.0589893
-0.056182
0.00488353
0.0316477
-0.00337135
0.0735359
0.331067
0.0219237
0.0903882
-0.0174622
-0.0186775
-0.0745019
0.032572
0.0509282
0.0112577
-0.0191348
0.154872
-0.0309674
-0.0428073
0.166813
-0.0288215
0.0128069
0.0255094
-0.0203689
-0.0686993
-0.00957259
-0.0599154
0.0838458
-0.0179981
-0.0176185
-0.0139724
0.0129401
0.00150735
-0.0272534
-0.0617316
-0.0142655
-0.0166663
-0.0114235
-0.0391215
-0.068295
0.0443847
0.0166462
-0.0466292
0.00376745
-0.0134894
-0.0455096
0.0113066
0.0285876
0.0189162
0.0481936
-0.0744369
-0.0361876
0.0251878
-0.017823
0.124207
0.0831367
0.00303978
0.154188
-0.0825897
-0.0141938
0.011071
0.0096855
0.0435035
0.0293345
0.0918776
0.0185403
0.0376276
0.00480748
0.0173252
-0.0459504
-0.0241401
0.0155699
0.017645
0.044401
0.0129561
-0.0594249
-0.0752536
0.0655547
-0.00670343
0.0506758
0.202363
-0.0115353
-0.0444235
0.00100837
-0.0471271
-0.0510753
-0.0772132
0.059639
0.00259769
-0.0292302
-0.0721693
0.00512261
0.0445376
0.00381038
0.0979235
0.00558411
-0.0807084
0.0759158
-0.0258967
-0.0458601
0.0581299
0.0169149
0.0492537
0.0237598
0.0518117
0.0931219
0.00387954
-0.0450098
-0.0292842
0.0106201
-0.00147128
0.037447
0.0254925
0.0127077
0.0076791
-0.048342
-0.0411569
-0.0164604
-0.0758111
0.014888
-0.0113951
-0.0471276
-0.0537381
-0.0203582
-0.0226467
0.0227611
0.0373538
0.00450489
-0.0824755
-0.0158958
0.012536
0.0160301
0.0593495
-0.00343647
-0.0284852
-0.0307165
-0.0170345
-0.0528834
0.0155046
-0.025074
-0.00159908
-0.00362323
-0.0405887
0.00411229
-0.0512948
-0.031294
-0.0474339
-0.0187692
0.0846314
-0.0345026
0.0732165
0.16726
-0.0554809
0.0303049
0.0493017
0.0586643
0.00636327
0.00588956
0.0317253
0.00688809
0.0637804
-0.00676673
-0.0529201
-0.0643827
-0.00659556
-0.00635513
-0.00492177
-0.0374352
-0.00343081
-0.0347574
-0.0220445
-0.0315276
-0.0442313
-0.0744301
-0.0425544
-0.00270633
0.0330821
-0.0500912
0.0155752
0.0129264
-0.048784
-0.03192
0.0754055
0.0520765
-0.0250232
0.130545
0.0716756
0.047197
-0.0590141
-0.00685981
0.0941638
-0.0589657
0.087444
-0.0982112
-0.0296598
0.0202623
-0.0206288
-0.0636617
0.0492857
-0.0588053
-0.0487348
0.0594047
0.00408962
-0.00491535
-0.0385484
0.00914885
0.0347946
-0.0296314
0.0652566
-0.00457517
-0.000935318
-0.00743394
-0.0117873
-0.04878
-0.0639253
0.0700248
0.0740507
0.03967
0.124342
-0.00578827
0.00686468
-0.00820848
0.00531411
0.0704032
-0.026156
-0.000609902
0.210771
0.0253319
-0.000127409
-0.0665237
-0.0547632
0.0329681
-0.0365084
-0.0527251
-0.0553399
0.0797216
-0.0383171
-0.0396043
0.0155878
-0.0381578
-0.0352685
-0.0880847
-0.0453489
-0.0462585
-0.0223265
-0.0809081
0.0930595
0.0345891
-0.0527997
-0.0301268
0.0188017
-0.0227415
-0.0609465
-0.0749068
-0.0250017
-0.0603779
0.00197147
-0.0332196
-0.0620613
-0.0345847
-0.0359586
-0.0316818
0.119209
-0.0503634
0.00609348
0.0173515
-0.0413638
0.0142189
0.102615
-0.0206164
0.0734645
0.0454175
-0.0246318
-0.0295194
-0.0270195
0.0822363
-0.0680555
-0.0215693
0.0534182
0.0287833
0.0279606
0.152084
0.124328
0.163905
0.0512791
0.135648
-5.64286e-05
-0.0252465
-0.0793466
0.0219158
-0.00714994
-0.0158842
-0.0234466
-0.0223531
0.0936274
0.000699198
0.0144768
-0.0251331
-0.0123202
0.0372038
-0.053618
-0.0322189
-0.0436332
0.0192319
-0.0315731
-0.0281608
0.0369437
-0.0682024
0.13659
-0.0656693
-0.00183276
-0.0168153
-0.0615091
0.0908707
0.102528
-0.00950925
-0.0303321
-0.0478677
0.10451
0.0680301
0.030776
-0.039952
-0.0335702
0.00375286
0.00426833
-0.0525038
0.0816438
-0.0795735
-0.0390717
0.0248542
-0.0833977
-0.00201847
0.0557016
-0.0019122
-0.0566591
-0.039489
0.082525
0.012884
0.0300478
0.00638332
-0.0396073
-0.0659601
-0.0642224
-0.0511898
-0.0228805
0.0521162
-0.0160509
-0.0253676
-0.0235614
-0.0069331
-0.0329052
-0.0336775
-0.0587596
-0.0308854
-0.0302418
0.0123921
-0.0718453
-0.0520717
-0.0508435
-0.00581381
-0.00982644
-0.0345469
-0.0331704
-0.0125919
-0.00348863
-0.0315698
0.0147367
0.0201763
0.0386686
0.0729104
-0.0358934
0.0702868
-0.0542787
-0.0481092
-0.0368262
0.0504592
0.0105536
-0.0244804
-0.0247441
-0.014384
-0.00399031
0.00931682
0.0109346
-0.0194612
-0.0614132
0.0288931
-0.0222452
0.146776
0.0126313
-0.00799608
-0.00868823
-0.0507041
0.033825
0.0138367
-0.0470377
0.114861
-0.00677872
0.0521351
-0.0353288
0.0159481
-0.020443
0.0836284
-0.0323309
0.0695761
0.121809
0.153805
-0.0314082
0.041026
-0.0610007
0.0470504
0.0110469
0.132871
0.134818
0.0909862
-0.0724129
-0.0206776
-0.0842268
-0.022551
0.0146468
-0.0583921
0.00192074
-0.0346093
-0.0293463
-0.00462481
-0.0664191
-0.0706102
-0.0527269
-0.0227792
-0.0194897
0.0340447
0.135844
-0.0454107
-0.00925261
0.023499
-0.0174007
0.053648
-0.0428087
-0.0294381
0.0121656
-0.0384674
0.0331872
0.063079
0.100716
0.0513393
-0.0769638
-0.0230189
0.03201
0.0622342
0.0321173
-0.0318064
0.0126938
-0.0456491
0.0545166
0.0455859
0.0817809
-0.032369
0.0448341
-0.0276943
0.00588066
-0.00102495
-0.036523
0.0161433
0.00796455
0.0203524
0.0231739
-0.0144186
-0.0455455
-0.0785784
0.0346805
-0.00697304
0.0358888
-0.0412886
-0.0275452
-0.0265418
0.160149
0.0344021
0.0238717
-0.0272112
-0.031742
-0.0488691
-0.00556486
-0.0508178
0.060249
-0.0091097
0.0394902
-0.0264285
0.0769124
0.872624
-0.0551474
0.0291441
0.0134674
-0.0377404
-0.0498982
-0.0690819
0.0134642
-0.0304838
0.0300588
0.00974609
-0.0266003
0.0307639
-0.0709718
-0.00517829
0.0307656
-0.00450636
-0.0663495
0.010556
-0.010686
-0.0176739
-0.0141088
0.0726361
-0.0416244
-0.00747823
-0.0187842
-0.0246278
-0.0529353
0.0101945
-0.0579783
0.000307792
0.0306155
-0.0358362
0.0641423
0.000282295
-0.038512
0.0657667
-0.0282746
0.0391069
0.0674178
0.0396113
0.0970276
-0.0570259
-0.0412454
-0.0262145
0.00410499
-0.0196108
-0.0390237
0.0167742
-0.0261291
-0.0149107
0.00787147
-0.0266237
-0.0155175
-0.0193362
-0.0352778
-0.0195359
-0.00993694
0.013799
0.00733886
0.051563
0.0144042
0.0813508
0.0598884
0.0289595
-0.00722017
0.00770779
0.0579227
0.0678069
0.0728974
-0.0535985
0.00402563
-0.0539748
0.107198
-0.0586253
0.191462
0.0534242
0.0630362
0.0256035
0.00658407
0.00429134
-0.0384179
0.0190439
0.0208507
0.0102598
0.0731428
0.0172181
-0.00439391
-0.044145
-0.0437685
0.0836191
-0.0423847
-0.0559907
0.0972835
-0.0345627
0.0148948
-0.0746349
0.00345375
0.0394323
0.00859826
-0.0314399
0.0428542
0.10755
-0.0505842
-0.0696664
-0.0481673
-0.0219011
-0.0319646
0.0242304
-0.00723423
-0.0409936
0.0454949
-0.0854639
0.026682
0.046141
0.123812
0.14773
0.0159525
-0.00377892
0.0565403
-0.0482704
-0.0236006
0.0491862
-0.0630464
-0.0239557
-0.0420877
-0.0726013
0.0439191
0.0155276
-0.0493116
0.0181377
-0.0461589
-0.0150597
-0.0529628
0.13028
-0.0861116
0.010376
0.0658685
-0.0433987
-0.0046527
-0.0211472
-0.02674
-0.016012
0.216689
0.0117168
-0.0758129
-0.0454187
-0.0277945
-0.0353126
-0.0290411
0.0238256
-0.0314767
0.0288091
-0.0617755
0.010752
0.0752892
-0.0418233
-0.042215
0.0166299
-0.0657839
-0.0594254
0.0187272
-0.0212557
0.065633
-0.0531444
0.010799
0.0120806
-0.0295525
-0.0434532
-0.0549818
0.137709
-0.0417523
0.0156924
-0.0659998
0.0563008
-0.0175171
-0.0641484
0.0478598
0.0247256
0.0707597
0.025863
-0.0316499
0.0221105
0.0174686
-0.00121835
0.0524195
0.0060163
0.043511
0.0596975
-0.0228002
-0.0238123
-0.0345815
0.0229662
-0.0382512
-0.0305252
-0.0119074
0.000989658
-0.0481996
0.0121746
-0.0229593
0.0934423
-0.00886029
0.000427211
-0.0282414
-0.0139593
-0.00473011
0.0115059
-0.0379113
-0.00380203
-0.0487284
0.0600502
-0.0314464
0.0309168
0.0903448
-0.0577326
0.161713
-0.00296305
-0.0258378
0.0947624
0.0101751
0.00942458
0.026732
0.0601772
0.0216561
-0.0795745
-0.091509
0.0647491
-0.0183883
-0.0525968
0.00333995
0.0155919
0.00837692
-0.0703519
0.117929
-0.0372069
0.0145412
0.0576622
0.00232322
-0.0420769
0.0305515
-0.0457151
-0.041337
0.0363341
-0.00158533
-0.00196566
-0.0104567
-0.0273113
-0.0356578
0.00738443
0.00261493
0.0446393
-0.0784504
-0.0164203
-0.00872705
-0.0226177
-0.0400477
0.00430106
0.0819807
-0.0484789
-0.054298
-0.0448185
0.00391554
-0.0850181
0.0701094
-0.0374902
0.00622856
0.0124175
-0.0391196
0.0258103
0.00629781
-0.056351
-0.074023
0.0640986
0.0457244
-0.0192446
0.0506962
-0.0634759
-0.00211602
-0.00071958
-0.0303191
-0.0439307
-0.0356759
0.00934191
-0.0391894
0.000384673
-0.0612933
0.105502
-0.0556242
-0.0662422
-0.00122892
-0.0367848
0.170489
0.0622004
0.00299214
0.0376975
0.138043
-0.00971382
-0.0537234
0.0255143
0.0795178
-0.0554377
-0.0196977
0.0361389
-0.0732007
-0.0657961
0.00191767
-0.0290504
-0.0785814
0.0198949
-0.036648
-0.036711
-0.0228795
0.00994074
0.129198
0.0923341
-0.0771839
0.0421926
0.0571064
-0.0346721
-0.0255431
0.00620806
0.0218746
0.00248259
0.0432487
-0.0451719
-0.0769431
-0.0611611
0.0314456
0.0347283
0.0328233
0.0737785
-0.0315139
-0.0343207
0.0627638
-0.0690185
-0.01428
-0.00428607
-0.0715879
-0.0521749
-0.0398185
0.0619384
0.0313508
-0.0430212
-0.0222536
-0.0327153
-0.0150862
0.0275207
-0.0138698
-0.0252956
-0.0224179
0.0294866
0.000451137
-0.0106681
0.0133863
-0.057519
-0.0341986
0.0031301
-0.0471335
-0.0462394
0.0117332
-0.0547949
0.000853307
0.032377
-0.0640846
0.0659523
-0.0099304
-0.055015
-0.0105009
-0.0290442
-0.00954978
-0.0166905
-0.022021
0.00112224
0.0168856
-0.00151641
-0.0243084
-0.0132707
0.0119631
0.0127557
-0.00761312
-0.0282571
-0.027794
-0.0230139
-0.0864654
-0.0225189
0.0216572
3.96761e-05
-0.00386264
0.015088
-0.00466563
-0.0570381
0.0301052
0.100863
0.018113
-0.0544727
-0.0553613
-0.0420411
-0.0572168
-0.00468931
-0.00449939
-0.0188902
-0.10161
-0.0143756
-0.0366382
0.0101874
0.0334581
0.0750703
0.0567436
0.0171676
-0.0127786
0.0402702
-0.0504694
-0.0344595
-0.0461714
-0.0263206
0.056817
-0.0360197
-0.0753739
-0.0336275
-3.55219e-06
0.104585
-0.0468298
0.0757728
-0.0163837
0.00633576
0.0696908
0.00410652
0.0611652
0.0371725
0.0375881
-0.0666015
-0.0593535
-0.00609846
0.0299018
0.0938723
-0.00423791
0.0243097
0.104748
0.0303779
-0.0103836
-6.92234e-05
-0.0642194
-0.0270673
0.0270529
0.0413407
0.00123935
-0.0212689
0.015542
-0.00996286
0.400183
0.0063868
-0.0525215
-0.0360535
-0.00469486
-0.0698798
-0.0496631
0.0117528
-0.0180824
-0.0668058
0.0715519
0.0266468
-0.0533975
0.0484742
-0.0343283
0.00565928
-0.0176323
0.0650388
0.00317007
0.0698063
0.0435766
-0.00995772
0.013596
-0.0126393
-0.090956
0.0836231
-0.0509199
-0.0276953
-0.00955229
0.0664586
0.00123247
-0.0620062
-0.0295638
-0.00078485
0.107526
-0.0171135
-0.0529295
0.0334565
-0.0321577
-0.0354575
-0.0128324
-0.00620351
-0.049284
0.0865471
-0.0237617
0.083102
-0.00357854
-0.0273471
0.0166584
0.021452
-0.044795
0.0550089
-0.0269523
-0.0290249
0.0751279
-0.0253584
-0.0343826
-0.0364975
-0.0184401
0.059718
-0.00841889
-0.00642636
0.0669127
0.0106002
0.0821497
-0.0418975
-0.0415086
-0.0035197
0.00740656
0.0604422
0.0337227
-0.00745755
0.141811
0.0577092
0.036729
-0.0120903
-0.0438175
0.0353264
0.0298127
-0.0291443
-0.0428997
-0.0367581
0.0261945
-0.0497798
-0.0383527
-0.00166388
-0.0156873
-0.00369624
0.00325257
0.10903
-0.0313685
0.0315716
0.0106782
-0.0612029
0.0783045
-0.0662557
0.0104198
-0.0346265
0.000820621
-0.0505185
0.0851258
0.0473674
-0.00278986
0.00859959
0.0290138
0.0321658
-0.00671565
-0.0195573
-0.0630324
-0.0225117
-0.0164976
-0.0577194
0.0468687
0.0163159
0.0376873
0.103084
-0.0410749
0.0234122
-0.0569729
0.0952639
-0.0033263
-0.0087377
-0.0247761
-0.0778354
-0.0786249
0.10651
0.0435278
-0.0484378
-0.0065842
-0.0212668
-0.0171976
0.0185991
0.0252932
-0.0147744
0.0507137
-0.0215433
-0.0346233
0.0519344
0.0241599
0.042083
0.0754212
0.0665505
0.14307
-0.0827083
-0.0308979
-0.026842
-7.97665e-05
-0.0132339
-0.0698458
0.0104988
0.00811799
-0.00887194
-0.0163168
-0.00675859
-0.0583868
-0.0764496
-0.0461145
-0.0161368
-0.0589249
-0.0420866
0.025835
-0.0356353
-0.0596781
-0.0205519
0.0469085
0.0436679
0.0106579
-0.0319866
-0.00335033
-0.02579
-0.0447684
-0.000572485
-0.0696385
-0.0272274
0.0217202
0.0400611
-0.0675564
0.169836
0.041239
0.0595143
-0.048823
-0.0319294
0.0685386
-0.0476134
-0.03744
-0.0149656
-0.0210449
0.011103
0.0225826
0.0377898
-0.00208547
-0.0489406
0.0120293
-0.00034101
0.0682694
-0.0091588
-3.33165e-05
-0.0156996
0.013386
-0.0251358
-0.025716
-0.0105729
-0.0483591
-0.0332698
0.00283583
-0.0818668
0.0132467
-0.0319516
-0.00909278
-0.0186503
0.0466735
-0.0350859
-0.00188357
0.0732001
0.0213199
-0.0591022
-0.0350283
-0.0187684
-0.00168445
-0.0134523
0.00153825
-0.0275478
-0.106925
0.00936111
-0.0255172
0.0790564
-0.041945
-0.0027329
-0.0140592
-0.0536554
-0.0230358
-0.0445505
0.00317558
0.0843562
0.0564625
-0.0191731
0.000244516
0.0139611
0.0271935
0.0311774
0.0646118
0.030763
-0.00826781
-0.00494751
0.00913106
0.0364875
-0.0491154
-0.0143058
0.035013
0.0170684
-0.0110334
-0.0129457
-0.0713007
0.0954225
-0.0312513
-0.0119629
0.280518
-0.0166422
-0.0127067
-0.00462277
-0.0122353
-0.045249
-0.0253122
0.0180619
0.00176668
0.0468637
0.00499199
-0.0324743
-0.0452667
-0.0727888
-0.00832079
-0.0611831
0.163641
-0.0291727
0.000713697
-0.0226849
-0.0656004
0.0128079
-0.0205423
0.0591701
0.0867671
-0.0330689
0.0222058
-0.00145081
-0.0360134
-0.0257549
0.00361243
0.0314694
0.0129554
0.00243695
0.0139202
-0.0741445
-0.0474721
-0.0915021
0.0243639
0.00163208
-0.0753544
0.013079
-0.0248394
0.0100322
0.129464
-0.0551162
-0.0678327
0.0219579
-0.0671358
0.153794
-0.0622746
-0.0289876
0.0729892
-0.0173088
-0.0801318
-0.0737212
-0.0123069
0.142484
-0.0288603
-0.0563592
-0.0125595
-0.0357965
0.0342722
0.0366606
-0.0445624
-0.00665831
0.0199374
0.0153175
-0.0626301
0.00741901
-0.0777987
-0.00726275
-0.0482135
0.00991114
-0.0101883
0.00732916
0.015754
-0.0391768
-0.0320814
-0.0283343
-0.0107371
-0.0627474
-0.071849
-0.0675965
-0.0440666
-0.0446139
-0.0178392
-0.0463581
0.0163802
-0.0229508
-0.0565288
-0.0084405
0.066526
0.0234801
0.0688921
-0.0547793
0.00845915
-0.0329824
0.073293
0.0555931
-0.0593152
0.0148223
0.0445423
-0.0531247
0.00918408
0.00135893
-0.0372484
0.00899031
0.0312644
-0.0655401
-0.0249253
-0.0258276
-0.010534
-0.0340298
-0.0265097
-0.0292316
0.0344476
-0.0560677
0.0454934
-0.0367474
-0.0429236
0.00751491
-0.0279018
0.00669085
0.0369502
0.169283
-0.0478501
0.0739646
-0.0469604
-0.0457652
0.0100176
0.0563749
-0.0408137
0.0684271
-0.0435907
-0.0286584
-0.0445802
0.0384843
0.0263839
0.0352075
0.00542436
-0.07019
-0.0646656
-0.026047
-0.025615
0.0227162
0.0224192
-0.0640209
0.0546585
0.0154278
0.0119362
-0.0499133
0.0390072
-0.0395191
0.0708723
0.0173897
-0.0966778
-0.000793385
-0.0157926
-0.0087877
-0.0420674
-0.0083019
-0.0217434
-0.0100549
0.0152951
-0.0143848
0.173279
-0.0347179
-0.0306586
0.0596133
-0.00224043
-0.00160368
-0.0062837
0.0258305
-0.0783236
-0.0156525
0.0141599
-0.0142762
-0.0537619
-0.0309473
-0.0685015
0.116143
-0.050224
0.015889
0.118831
0.0398638
-0.0188907
-0.0138229
0.0093889
-0.0899871
0.0367054
0.0356895
0.0110052
-0.0644149
-0.0693977
-0.00753416
0.00255397
0.0862051
-0.0651261
-0.0281343
0.0450098
-0.0107104
-0.00310097
-0.00556024
0.0203823
0.0122212
0.0059907
-0.00109714
-0.0131119
-0.0476899
0.00879024
-0.0370269
0.0261982
0.00115533
-0.0107075
-0.0116625
-0.0312648
0.086367
-0.0198066
0.0315421
-0.0232608
-0.0412501
-0.0305022
-0.0501507
-0.0797889
-0.075535
-0.00654054
-0.0117691
0.00263105
-0.0257335
-0.0457064
-0.0498733
-0.0383321
-0.0510575
0.00678946
0.0176646
-0.0281796
0.00875608
-0.0741162
-0.0432482
0.00948169
0.0935789
-0.028913
-0.0164918
0.0321384
-0.00799643
-0.0153055
-0.0228101
-0.0262806
0.0193698
-0.0795761
-0.0045421
0.0544734
0.0409717
0.129452
-0.0495731
0.00431661
-0.081306
-0.00126696
-0.0207763
0.0335007
-0.0489066
0.11691
0.0297474
0.0112471
0.0308873
0.0171018
-0.0372322
0.259611
-0.076864
0.00120847
0.00538339
-0.0219204
-0.0248254
-0.020623
0.00633431
-0.0509751
0.00286598
-0.0344969
0.0370801
0.015717
0.00361032
-0.0141839
0.118764
-0.0417575
0.025765
0.0690973
-0.0409352
-0.0355237
-0.0320015
0.0390274
-0.0211311
0.0993636
-0.033308
-0.0528051
-0.0334671
-0.0117997
-0.0323925
0.0255243
0.115619
0.00120527
0.0225777
-0.0508093
-0.0330164
-0.0176991
-0.0169381
-0.0193941
0.00532899
0.0280427
-0.0270201
0.00974045
-0.0748667
0.00818395
-0.0572371
-0.0390088
-0.0751358
0.0561575
0.00370124
-0.02686
0.0226409
0.013282
-0.021875
0.082123
0.0231514
-0.0302694
0.0261248
-0.0849077
-0.0516373
-0.0225516
-0.0316464
0.035039
-0.028126
-0.0120929
0.0438437
-0.034413
0.02753
0.0102595
0.0291601
0.0870732
-0.0482045
0.074539
-0.00260473
-0.0175067
0.000314131
-0.039546
-0.0159946
-0.0422863
-0.0418464
-0.0286019
-0.0771789
0.0158858
-0.0242544
-0.0540781
-0.0400676
-0.031418
0.0223931
0.00186609
-0.0556418
-0.0493463
0.141009
0.0684252
0.0140837
0.00353872
-0.0259613
0.00479103
-0.00332385
0.0381501
-0.0206563
0.0160939
-0.0601021
0.139558
-0.00752597
-0.0278286
-0.0492148
-0.0223283
-0.0529463
0.00707709
0.0188803
0.0191551
-0.0514805
-0.0541351
0.133111
-0.0124326
-0.0320682
-0.0204787
0.0456718
-0.000165124
-0.0631428
0.00704168
0.0227638
0.0298084
-0.0261114
-0.0453768
-0.0110363
0.111292
0.0289692
0.137176
-0.0529228
0.0531315
0.0435745
0.0864387
0.00617814
0.123493
0.0785756
-0.045875
0.0472573
0.0267244
0.0865097
-0.0774621
0.0118909
0.0382054
0.105358
0.0799836
0.00215205
0.0964635
0.02374
-0.0645804
0.0608529
0.0113469
-0.0027136
-0.039354
0.00272168
0.0491665
-0.0531522
-0.0913959
-0.000220785
-0.00932077
0.0430482
-0.0238772
0.123676
-0.0139401
-0.0861285
5.56842e-05
-0.0430376
0.0296113
-0.0343822
-0.0356465
-0.0508731
0.0695767
0.0213973
-0.000774752
0.0245912
0.00542024
0.101835
-0.0615816
-0.013884
-0.0396086
-0.0284246
-0.0429257
0.00834119
-0.0322926
-0.00266833
-0.00628528
0.037703
0.00978935
-0.021383
-0.0515672
0.0500941
-0.00973262
-0.0180169
0.0430183
-0.0743141
0.0593712
0.00204606
0.00267767
-0.0212009
-0.0359898
-0.0167779
-0.0402733
-0.0104366
-0.0325885
0.108008
-2.39355e-05
-0.0238398
0.010749
-0.0367
0.0164327
0.0124706
0.032509
0.0863853
0.11501
0.0386579
-0.0150219
0.0983317
-0.0087156
-0.0479776
-0.0882294
-0.049003
-0.00193495
0.0364558
-0.0127366
-0.0137854
0.0205111
-0.0243591
0.038936
-0.0286344
-0.0121834
-0.0577982
0.0264735
-0.0226846
0.527206
-0.011792
-0.00685413
-0.0227837
-0.024861
-0.0361288
0.0322804
-0.0889055
0.0666847
0.00868858
-0.041182
-0.0489165
0.14726
-0.0498526
-0.0433924
0.0330911
0.0222256
-0.0285759
0.00503838
0.0115349
-0.0441962
0.101251
-0.0245588
-0.00343489
-0.0114986
0.00776178
-0.00315564
-0.0605617
-0.0527261
-0.0416161
0.0285609
-0.0301086
0.0349868
0.000669615
-0.0589121
-0.0481076
-0.000602583
-0.041616
-0.0482419
-0.0689813
-0.00290928
0.00395724
-0.020174
0.00524608
-0.0366087
0.0266654
-0.00160152
-0.0712725
-0.0351498
0.103119
0.0310568
0.0435115
-0.0253392
0.0178382
-0.0357637
-0.0284343
0.0121009
0.019715
-0.0104859
0.0884242
0.0261215
-0.0165205
0.143374
-0.0344887
0.0358166
-0.0307809
-0.060055
0.0204944
0.0844071
-0.0327198
-0.0142662
-0.00429713
0.0925935
-0.0303581
-0.0251596
-0.0168466
-0.0426876
-0.0212472
0.0302167
0.0142509
-0.0147763
-0.0461319
-0.0449923
-0.0807814
0.0208107
-0.00352637
0.0236062
-0.0275531
-0.0650508
0.042996
-0.0108415
-0.00942241
0.0178562
0.0261264
-0.0280193
0.0409256
-0.0356022
-0.0341402
0.0424082
-0.0518025
0.0142137
0.0325912
-0.0524145
-0.0127491
0.00420125
-0.0180903
0.042734
-0.0425926
-0.0368179
-0.0055504
0.0166224
-0.00510758
-0.0416315
0.0531987
-0.0583323
-0.0289168
-0.0281214
-0.0395211
0.0577746
-0.0594242
0.0620295
-0.00159054
-0.00285847
0.141188
-0.0319193
0.00808021
0.0291069
-0.0329945
0.010577
0.00497508
0.0899917
-0.00103937
-0.012467
-0.0110553
0.0545993
0.262171
0.0522899
-0.0581546
0.0103572
-0.0864216
-0.00309087
-0.00330166
0.116661
0.0800719
-0.0529455
0.0706832
0.0598612
0.165326
0.0578404
0.0342636
-0.0382302
-0.0404462
-0.0284116
-0.0228007
-0.0241003
0.0793254
-0.0551204
0.0192212
-0.0485279
0.0440861
-0.0486654
-0.0282839
-0.041532
-0.0530722
-0.0755706
0.00452749
-0.0444476
-0.0162263
0.0366115
-0.052348
0.0221402
0.0328112
-0.0132044
0.0660162
-0.019208
0.0521999
-0.035571
-0.0161036
0.0268357
0.0463449
0.0344582
0.0306795
-0.020679
0.063577
-0.0576803
0.00236476
-0.013667
-0.0368318
-0.0584698
0.104207
0.0532331
0.0467142
-0.0462291
-0.0268589
0.0441884
-0.0206805
-0.0514251
0.0455006
-0.0566436
0.017943
0.118543
0.133322
-0.020173
0.0301838
-0.0374566
0.107289
-0.0384956
-0.0854225
-0.0246983
-0.0298893
-0.027267
0.0106599
0.018742
-0.0404936
-0.0586238
0.021282
0.0141298
-0.0405389
-0.0264664
-0.0258433
-0.0340028
-0.0120119
-0.0100289
0.00172122
-0.000687989
-0.0494676
-0.0158713
-0.0042424
-0.0241219
0.0288903
-0.00365764
-0.054743
-0.0727835
-0.0617128
0.0443958
0.00537682
-0.0479277
0.0630593
-0.021927
-0.0201633
-0.0754194
-0.0426149
-0.0289806
0.0126827
-0.0671242
0.0416994
-0.0495542
0.0368456
0.0280087
-0.0146512
0.0356993
0.0182435
-0.0116581
-0.073449
-0.0298576
0.0430185
0.0844823
0.0184752
-0.0121915
-0.0587046
-0.0169425
-0.0371493
-0.0636675
-0.0448162
0.0310141
-0.0214741
-0.0133881
0.00255165
0.0269635
0.0379021
-0.0150192
-0.0584771
-0.00758591
-0.0767384
-0.0548328
-0.0724175
-0.0415232
0.0157411
-0.0142724
0.037422
-0.0358715
-0.00530109
-0.00130695
0.00344286
-0.00580851
-0.046295
-0.0161252
-0.0798029
-0.0558957
0.0413337
-0.0412444
0.0420822
0.00630464
-0.0584046
0.00786595
-0.0257897
0.0838138
-0.0413741
-0.000142888
0.0227983
0.0844847
-0.019086
-0.0140379
-0.0524646
0.151925
-0.0778769
0.000643663
-0.0589907
-0.084766
0.0814137
-0.0295424
0.00382462
-0.0129814
-0.0601141
-0.0441719
0.135333
-0.0240566
-0.00341609
-0.0311378
0.00858209
0.0859079
-0.0141368
0.212488
-0.0131002
-0.0695027
-0.0421435
-0.0740259
-0.0458073
0.0586692
-0.0227905
0.0920006
-0.0746244
-0.0343362
0.0161624
-0.0260632
0.0585139
0.0253701
-0.0486279
-0.00538721
-0.00788747
-0.0487845
0.0590415
-0.0124406
0.154184
-0.0254173
-0.0680221
-0.0564611
0.00919157
0.0450077
-0.0601422
0.0433339
-0.0562009
0.10558
0.00577483
-0.00102305
0.073152
-0.0595708
0.0690605
-0.0214716
-0.0223594
0.0567535
0.0428951
-0.0140206
0.0439632
-0.0546233
-0.00375834
0.0188561
0.019448
0.0671212
-0.0440562
0.0390877
-0.0154648
0.0356921
0.0634809
-0.0409977
-0.0406156
-0.0244572
-0.0421176
0.00500775
0.0987053
-0.041025
-0.0389993
-0.0653194
-0.0126956
-0.0448782
0.0698711
-0.0617632
0.0324521
0.0469656
0.0894392
-0.0537237
0.0511004
0.0230865
-0.0519793
0.0215707
-0.0763534
-0.0142517
-0.0716815
-0.0169523
-0.0606375
0.00302319
-0.0817109
-0.00528172
0.0375043
0.0677506
-0.0260506
-0.00737263
0.211969
-0.0735901
-0.0238324
0.00773718
-0.0293339
-0.033895
-0.0548798
-0.0612159
0.00766334
0.0138992
0.0799854
-0.0311282
-0.0273002
-0.037883
-0.0368092
-0.048469
-0.0621372
-0.0185287
-0.0760811
0.0100378
0.0124002
0.0288136
0.101434
0.00038091
-0.0549904
-0.0579351
-0.0403418
0.0927098
-0.0682129
0.180589
0.0405049
0.0546442
0.0330868
0.0514869
-0.0654838
-0.053962
-0.0508131
-0.0684152
-0.00308709
0.036083
-0.0535701
0.100185
0.0255962
0.0535929
0.0603905
0.0323187
-0.0200357
-0.0474213
-0.0211463
-0.0468818
0.0122462
-0.0053149
-0.000516657
-0.0233997
0.093684
-0.0211654
0.0263844
-0.0450704
0.0232875
0.0196365
-0.0653914
0.0212866
-0.0224227
-0.00670888
-0.0298221
-0.0480579
-0.0153988
-0.0208161
-0.0271748
-0.0374717
-0.0652007
-0.0721993
0.0310973
-0.0727646
0.0211147
-0.0741847
-0.0686788
-0.02848
-0.0651293
-0.00602164
0.0602751
-0.0550388
0.0307877
0.0181634
0.0636772
0.0102143
-0.00903514
-0.0412002
0.0434472
-0.0361649
0.0304597
-0.00331878
-0.0201877
0.00114114
-0.0290695
0.104773
-0.017487
0.0664611
0.0522489
-0.0266055
-0.0356128
0.00150131
0.0253337
-0.010022
0.11425
-0.0217045
-0.020904
0.0101686
-0.0154308
-0.0100181
0.0791549
-0.0529747
0.0891111
-0.0734979
0.0732405
0.00785748
-0.0170123
0.0081368
-0.00365189
0.0427099
0.0937879
0.0144646
0.0585469
-0.0163088
-0.090174
0.0829797
-0.033047
-0.0550356
-0.0433354
-0.0138734
-0.0389711
-0.0115133
-0.0743271
-0.0470388
-0.0206626
-0.00507234
-0.0253989
0.000198433
0.0070173
0.030982
-0.0763525
-0.0161074
-0.0130277
-0.0559327
-0.0512821
-0.0457014
0.0681649
0.0852195
0.0156802
0.0220092
-0.0530996
-0.00671061
-0.0494153
0.0325295
0.0719748
0.016967
-0.00345376
0.046829
0.0693797
0.0825414
0.0663437
-0.0306289
-0.0699094
0.125613
0.0387144
-0.0304848
-0.0244608
0.000496303
0.0112565
-0.00912017
-0.0792132
0.0512339
-0.0201245
0.0569573
-0.0183783
-0.046719
-0.0140528
-0.0501456
0.0618642
-0.0330965
-0.0448606
-0.0171018
-0.0221421
-0.0808892
0.0240671
0.00818585
-0.0436056
-0.0170759
0.0507547
0.0164998
-0.0198067
-0.0182803
-0.00460719
0.00290888
0.0744143
-0.0258752
0.006062
-0.0224612
0.0396897
0.0471325
-0.0494968
-0.0244906
-0.01338
-0.00850349
-0.00491806
-0.0626719
-0.0499323
0.00218572
0.13156
0.0346346
-0.0331793
-0.0536428
-0.069388
-0.0441511
-0.0866273
0.0978337
-0.066816
-0.0121674
-0.0209868
0.0613336
-0.045846
0.0106115
-0.0431058
-0.00648215
-0.0417109
-0.0629589
0.012587
0.0031699
0.172502
0.0152274
-0.0148798
-0.0398675
-0.0570919
0.0139953
0.0447241
-0.0295756
-0.0883032
0.000239071
0.0678308
-0.00359668
-0.00129749
1.40526e-05
0.030636
-0.0711177
-0.00708279
-0.0248199
-0.00504609
0.0223991
-0.00262513
-0.0026916
0.011102
0.0142622
-0.0613892
-0.0146048
-0.0733955
-0.025698
-0.0239677
-0.0477279
-0.0280551
0.159073
-0.0357275
0.0240514
-0.0104938
-0.0271724
-0.0214811
0.016186
0.0259698
-0.0102163
0.079242
-0.00754938
-0.0653941
-0.0274335
-0.0232921
0.0634858
0.00368209
0.0249685
-0.00217741
0.00427397
0.00348977
-0.0407416
-0.0221328
0.0494036
-0.0426031
-0.0359891
-0.0662229
-0.00403541
-0.0456958
0.256714
-0.055097
-0.0758808
0.0242069
-0.0372608
-0.048357
-0.00838782
-3.97431e-05
0.161969
0.0196194
-0.020273
0.116562
-0.0217501
-0.0396335
0.0109778
0.0721896
-0.0564168
0.0408791
0.0235976
0.000869179
-0.0376201
-0.0125768
-0.00371683
0.0355661
-0.060577
0.0325757
0.126777
-0.0392504
-0.0703867
-0.0374563
0.0420004
0.0345261
-0.0522302
-0.0486146
0.0780506
0.00339393
-0.033599
0.0731659
0.00135654
-0.0178655
-0.0384829
-0.0471106
0.0911166
0.0572655
-0.0404718
0.000652725
-0.0106042
-0.0331603
0.0380734
0.0343959
-0.0506056
0.0229757
-0.0467105
0.00385649
0.020287
0.0326191
-0.0167561
-0.00444253
-0.0216342
0.0445813
0.143921
-0.038447
-0.042755
-0.00701872
0.0626119
-0.0839371
-0.0477214
0.000427212
0.0212716
0.128398
0.0275972
0.0128005
0.00903763
-0.0822275
-0.0211462
-0.0234062
-0.0180058
-0.0072407
0.159052
0.0185536
-0.0206984
0.001354
0.0883872
0.0227393
0.070101
-0.0283717
0.0569255
0.0089267
-0.0453367
-0.0352119
-0.0647093
-0.0219251
-0.0465465
-0.0703563
0.00958593
-0.0111319
-0.0398164
-0.0572372
0.00800397
0.0378803
0.0263211
0.00538701
-0.0864239
-0.00858231
0.00634177
-0.0667571
0.0120929
-0.0109675
-0.0131963
-0.0610656
-0.0106535
-0.00397919
-0.0288737
0.0273945
-0.039173
0.00811427
0.044062
-0.0277011
-0.055409
-0.0185327
0.0306045
-0.0134813
0.11011
0.0961353
0.0315446
-0.0166258
0.00900661
0.0352429
0.0458451
-0.0451603
0.0418504
-0.0712629
-0.00912889
-0.0149504
0.0177322
0.0123348
-0.00850921
-9.26621e-06
-0.0611611
-0.0244649
0.0513707
0.00851749
0.0139306
-0.0401239
-0.00692523
-0.0830336
-0.0656893
-0.0739244
0.0807758
0.00285849
-0.0430818
-0.0366133
-0.00570348
-0.0150628
-0.00920798
0.0598653
0.0470098
-0.00982247
0.11533
0.00596534
0.0712599
0.00792869
-0.0465257
0.0406244
-0.0605715
0.0235366
0.0195243
-0.0354262
-0.0559889
0.123509
-0.0254211
0.0418127
0.0277969
0.0511587
0.05596
-0.0025518
0.0716873
0.0671437
-0.046131
-0.0368249
-0.0113028
-0.0147289
0.0858842
-0.0130349
-0.043773
-0.0874931
-0.00445458
-0.0623306
-0.0511992
0.0468251
-0.0213228
0.00164277
0.064462
-0.0207289
0.0311329
0.080312
0.00449318
0.0182552
0.0647427
-0.0475504
-0.021511
0.0508618
0.015235
-0.0587711
0.0674167
-0.0129501
0.0152139
0.00100784
-0.0617396
-0.0140132
0.0165849
-0.0204468
0.047236
0.00518217
-0.0330958
0.0942853
0.0165671
0.0900942
-0.0585752
-0.0723333
0.031094
-0.0171669
0.0320785
-0.00570945
-0.0267607
-0.0615602
-0.0733605
-0.0277543
-0.037365
-0.00945479
-0.00594041
-0.0256571
-0.0462413
-0.034712
-0.0633072
-0.0340248
-0.0282146
0.0192851
-0.00327763
-0.0427
-0.0333128
-0.00804457
-0.0425269
-0.0654054
0.018863
0.0382989
-0.00302209
-0.0264101
0.0277276
-0.0623034
-0.0234212
0.0913112
-0.0668228
-0.0575298
0.0047863
-0.0258962
0.185328
0.11281
-0.0846132
-0.0362784
0.00497898
-0.0220979
-0.0239712
0.0337497
-0.0373886
0.00136158
0.040028
-0.0332593
0.00801955
-0.0281649
0.117245
0.0947505
0.0181604
-0.0627754
0.0589069
-0.00211234
-0.0178267
-0.0249804
-0.063698
0.0526918
-0.00287903
-0.0289672
-0.0708258
0.0776148
0.303841
-0.0156887
-0.0441014
-0.0271738
0.0999569
0.0746614
0.0451765
-0.0520387
-0.0600502
0.0297217
0.0206057
0.0387909
0.130304
-0.0208096
-0.0695729
-0.0166045
-0.0270524
0.0256639
0.0942856
-0.0621512
0.00572813
-0.014656
0.0639419
-0.0402585
0.0448116
0.0318377
0.0715623
-0.0477513
0.00516152
-0.0629758
-0.0202725
0.124541
-0.02959
-0.030366
0.0155568
0.0405273
-0.0341415
-0.0245104
-0.0599963
0.0299984
-0.022892
-0.0154836
-0.0331291
0.0675322
