-0.0339861
0.0944375
0.129439
-0.00239577
0.0345168
0.0266994
0.0909897
-0.0740621
0.0308702
-0.0100426
0.0172861
0.0440992
-0.00971892
-0.00422788
0.0100535
-0.0199923
0.153154
0.0835882
-0.00697944
0.0366695
-0.0618223
-0.0195533
-0.0600922
0.0270834
0.0737746
0.0840306
-0.0426296
0.0145148
-0.0296863
-0.0660194
-0.00532542
-0.0381403
0.186085
-0.0360035
0.0841578
-0.00847295
-0.0454625
-0.0197521
0.0463815
0.0852974
0.131871
-0.0646481
0.0169087
-0.0297631
-0.054088
-0.0422673
-0.00336846
0.0485285
-0.00371154
-0.017958
-0.0252982
0.113132
-0.0513887
0.0800284
-0.063136
-0.063029
-0.0186182
-0.0164627
-0.0267503
-0.0612667
-0.0397973
0.0498644
0.00737977
0.0156329
0.0277822
-0.0323964
-0.0470792
-0.0233537
0.0963733
0.0810588
0.00154099
-0.037578
0.0125995
-0.0131706
0.173752
-0.0361708
0.0248353
0.00379865
-0.0635416
-0.0342875
0.0182389
-0.0573241
0.0288184
-0.0502604
0.0611583
0.0563557
0.0166753
-0.00400102
-0.0111007
0.0261724
0.0239653
-0.0131729
0.103475
-0.0448886
-0.0519222
-0.0193662
-0.0206183
-0.00364269
-0.0188197
-0.0558154
0.0331443
-0.0134065
-0.0661609
-0.0226274
-0.00108083
0.0190303
-0.0374816
-0.0236867
-0.00708221
0.0171319
-0.00513715
0.0057627
-0.0360251
0.0128345
-0.065376
-0.00290942
0.0639831
-0.0419368
-0.00585582
-0.0553748
0.0204572
-0.0345173
0.0663896
0.0520523
0.281969
-0.0433629
0.00670505
0.00933188
0.14253
0.0577595
0.0394195
-0.0790226
-0.0506696
-0.0599308
0.0571668
-0.077178
-0.0314401
0.0198601
-0.0527384
-0.0548659
0.0170169
-0.0369487
-0.0607248
-0.0327197
0.0135642
-0.0659602
-0.00362952
-0.0509966
-0.0246408
-0.00801962
-0.0595061
0.0916868
0.0569836
0.00211075
-0.037122
0.0436948
-0.0444962
0.0752372
-0.0365905
-0.0483332
-0.0364835
-0.0675427
-0.0762267
0.00375974
-0.0598061
-0.0544985
-0.0367496
-0.0410677
0.0133685
-0.0681085
-0.00663251
0.000157047
-0.0612051
-0.0419894
0.119392
-0.0331431
0.0131536
-0.00906916
-0.046494
-0.0449598
-0.0270479
0.00550455
-0.00623706
-0.0616946
-0.0412782
-0.0258453
-0.0098652
-0.000848541
-0.0100188
0.0347451
0.00771583
-0.0558858
0.00128899
0.0623833
-0.00138195
-0.00484668
-0.0135647
0.00850337
-0.0345468
0.00586441
-0.049511
-0.0565355
-0.0386264
0.00292543
-0.0565509
-0.0127992
0.02698
-0.00301943
-0.0473776
0.0736489
-0.0271326
-0.0519637
0.118176
-0.0680549
0.00571571
0.15763
0.0598596
0.0827593
0.0730367
-0.0289037
0.0518768
-0.0128614
-0.0314882
0.191915
0.0133677
0.0189398
-0.0102534
-0.0610195
-0.0535893
-0.0381262
0.00100922
0.0316709
-0.0214913
-0.0310319
0.0395658
-0.0222091
0.00239623
-0.0643688
-0.0594586
-0.0157561
-0.0282309
0.0537626
0.00249218
-0.00476122
-0.0759059
-0.00638879
-0.0613856
-0.04145
0.0776574
-0.00177089
0.0575909
-0.0327279
-0.0141891
-0.00948203
-0.026507
0.024597
-0.0704196
0.167902
0.0354661
0.0250896
0.0118656
-0.0481501
0.127744
-0.00602783
-0.0477185
-0.027936
0.106965
0.0255281
-0.0488089
-0.0358381
-0.0456225
0.0118568
0.0157311
-0.0392569
-0.0152019
0.126115
-0.017179
0.0339857
0.0131966
-0.00152556
-0.0265857
0.0353658
0.0281284
0.0201626
0.0633751
0.0362809
0.0249216
0.0224936
0.017777
0.0701859
-0.0666429
0.0110655
0.0211558
-0.0226289
-0.0107537
-0.00553719
-0.0416562
-0.0766983
0.0390512
-0.0140909
0.00627464
-0.00363765
0.0308064
0.0234034
-0.0190327
-0.0191958
-0.0238512
-0.00153039
-0.0158316
0.250492
-0.0304498
-0.0307291
-0.0644017
0.268474
-0.0452861
0.0578828
-0.00598121
-0.0498116
-0.0189944
-0.00409503
-0.00458344
-0.0520243
-0.0913051
0.0472328
0.0344441
-0.0389911
-0.0754884
0.117019
0.0432751
-0.0208045
0.0320447
0.118215
-0.0252778
-0.0522751
-0.0210225
-0.0673885
-0.0251637
-0.0464546
0.0621581
0.0402121
-0.0101469
-0.059281
-0.033132
-0.103793
-0.0496574
-0.0665314
-0.00404426
0.0283692
-0.0164196
0.00406343
-7.93909e-06
-0.0615458
0.16372
0.084275
-0.0435115
0.0704826
-0.0377881
-0.0171828
-0.0157026
-0.0435206
-0.0699462
0.123905
-0.0403971
0.180768
0.0698544
-0.0224609
-0.0640631
-0.0264923
0.0619065
0.0499133
0.00864019
-0.0444501
-0.00446876
-0.0575762
-0.0247062
-0.0332257
0.156046
-0.0429502
-0.0370292
-0.057582
-0.044663
0.0363606
-0.0388501
-0.012529
-0.0217108
0.0757796
-0.0415669
-0.0219245
-0.0288576
0.066771
-0.0198315
-0.0316082
-0.0149334
0.0494378
0.0597598
-0.0355177
0.116959
-0.0116971
-0.0105654
-0.0148976
0.0881288
-0.00543648
-0.0682492
0.019974
-0.0524458
-0.00828705
0.0353031
-0.0467847
-0.0031396
-0.089194
0.000737979
-0.0248896
-0.0588949
-0.0337833
-0.0495697
0.0938732
-0.0410833
0.0782769
0.00142396
-0.0245059
-0.00985166
-0.0259755
0.0220564
-0.0449543
-0.0334422
0.00798272
-0.0496532
0.087241
0.0582613
0.102405
0.00890554
-0.0627264
0.0325135
0.024346
0.0653313
-0.0384999
0.00255696
-0.0227734
0.000163719
0.009026
0.0665455
0.00863389
-0.0212481
-0.0661361
0.0598744
-0.0190978
0.00189584
-0.0742399
-0.0590184
-0.0297864
0.0240359
0.0178429
0.0144899
-0.0047465
-0.0057908
-0.00706701
0.0344308
0.0718835
0.0625535
-0.00335232
0.00973891
-0.00161191
-0.0977823
-0.0220295
-0.0126339
0.011029
0.0208096
-0.00437065
-0.0205819
-0.011742
-0.00201386
-0.0699956
-0.0234518
-0.0796054
0.0177246
0.0975339
-0.065913
0.0599586
-0.0233958
0.0699641
0.0172579
-0.00574034
0.0429671
0.114652
0.0957666
-0.00978177
-0.0319167
0.0163747
-0.0236874
0.0407313
0.0301578
-0.0670185
-0.0295728
0.025263
0.137253
-0.0265895
-0.00366914
-0.0308131
-0.0039632
-0.071334
-0.00714954
0.00363069
0.0904704
0.0777417
0.012335
-0.00126036
0.0249792
-0.031728
0.0270127
0.0766579
-0.0471225
0.0478342
-0.0744888
0.0525389
0.017647
-0.0298866
-0.0746626
-0.0895274
-0.0375894
-0.0131887
0.0413554
0.128008
0.0220902
0.0358771
-0.0174192
-0.0148955
-0.00281824
-0.0576537
0.0131886
-0.0225411
0.119944
-0.0342203
0.0082658
0.159414
0.0391584
0.0491687
-0.03184
0.019152
0.220049
0.00255223
-0.0681889
-0.0354282
-0.0574933
-0.0119134
0.0397261
-0.050902
0.0223036
0.000578357
-0.0243147
-0.0382007
0.0746947
0.00721277
-0.00611815
0.00565814
0.0251756
-0.0445322
0.0239299
-0.0648178
-0.0612613
-0.0295458
-0.0848605
0.0229994
0.153186
-0.100745
0.0635434
-0.0409496
0.0109882
-0.0230464
-0.0213969
0.0496334
-0.0440599
0.00962049
0.0069293
-0.0611954
-0.0365774
-0.0228132
0.142807
-0.0574425
-0.00337787
0.0483766
-0.0512309
0.00136317
0.0634182
-0.00247438
0.015908
-0.00573418
-0.0630376
0.0810666
-0.0243929
0.16766
-0.0499505
0.0506753
-0.0526925
0.978099
-0.0239351
-0.0520049
-0.0204829
-0.0314551
-0.053724
-0.018723
0.0166146
-0.085139
0.104725
-0.0460676
0.0382063
-0.0513849
0.032945
0.0125425
0.104518
0.0346882
-0.0139327
-0.0651447
0.0574728
-0.0775641
-0.0446879
0.0140112
-0.0792436
-0.0128753
0.0196552
-0.0176756
-0.0446102
0.215122
0.267002
0.020836
-0.0467188
-0.035531
0.00163558
-0.0870046
-0.0756466
-0.0740345
-0.0328871
0.0556859
0.0398686
0.0462846
0.0360523
-0.0444967
0.00942806
-0.00342538
-0.0310375
0.0308222
-0.00123983
0.0203213
-0.028529
0.0473582
-0.036347
0.00315158
-0.0355115
-0.0201575
-0.0832967
0.0870974
-0.008361
-0.0048673
0.00111852
-0.042302
0.0857389
-0.0220365
-0.0538456
-0.0100082
-0.00484005
0.0288724
0.0279577
-0.0511641
-0.0730515
-0.0436319
-0.0397468
-0.00269328
0.0462588
-0.0407701
0.00263538
-0.0301945
-0.0729909
0.0340484
0.0763424
0.0202395
-0.0348395
-0.0597276
-0.0152566
-0.0174974
-0.0390685
0.12095
-0.00997927
0.0195861
0.0188792
0.00218238
-0.0286766
-0.038844
-0.00726603
0.0163093
0.0213697
0.0286812
0.114368
0.46863
0.0850929
-0.0129765
-0.0103557
-0.00637459
0.0218153
0.00373301
-0.0676301
-0.00151142
-0.0259794
0.111276
0.0193036
-0.00962958
0.108412
0.0225172
-0.0616244
0.00566749
-0.00181444
0.034089
-0.0174265
0.0249769
-0.0174766
0.0249446
-0.00170199
-0.0644077
0.080854
-0.0209387
-0.00952264
0.0742854
-0.0480142
-0.0355402
0.0301706
0.00489476
-0.0715014
0.0159427
0.00217648
-0.00325935
0.0219343
-0.0153944
-0.014582
-0.0587786
-0.0442831
-0.0738673
-0.0301978
-0.0182102
-0.0655385
0.0159449
-0.0425275
-0.00554155
-0.0150055
-0.0632511
-0.0465008
0.0308529
-0.0597413
-0.0403513
-0.00927005
-0.00189705
-0.0456736
0.003347
0.0115998
-0.0617012
-0.0413841
-0.000800755
0.0625716
0.0188174
-0.0469549
-0.0221677
0.0525625
0.0280755
-0.049426
-0.0118144
0.010158
-0.0194161
-0.0394446
-0.0798992
-0.0823495
-0.0709109
-0.0533247
-0.0259442
-0.00440907
0.028591
-0.0372374
-0.0189275
0.0106211
-0.0189861
0.0313497
-0.0555763
0.0074796
0.0173348
0.011122
-0.0405278
-0.0127522
0.0219942
-0.0232404
0.00482472
-0.0282936
0.0025535
-0.0377539
-0.0325769
0.0488066
-0.00918898
-0.0278096
-0.00861392
0.0486496
-0.0110223
0.147333
0.0671714
0.066231
0.00925616
0.0927436
-0.0370951
-0.0315042
-0.0223336
-0.0729129
0.0605587
0.00861025
-0.0121729
-0.0031462
-0.0591405
-0.0263482
0.0293036
-0.00924441
-0.0578027
-0.00517626
0.00474752
-0.00509202
0.0666888
0.0903953
-0.0590524
0.0920875
-0.0185705
-0.019575
-0.0261461
-0.0403064
0.0401348
-0.00706332
0.0297037
0.0595939
0.0293069
0.0631751
0.0188608
0.0672711
-0.0843446
0.0390277
0.0765723
0.0414396
0.0170272
0.149248
-0.0222063
-0.0284661
0.0181694
-0.00440924
-0.0170777
0.00749776
0.0421527
0.0815335
-0.0422756
-0.00781476
-0.0546037
-0.0436447
-0.00367828
0.0112371
0.043706
-0.0806306
-0.0404819
0.0118635
0.00298333
0.0168787
-0.0498382
-0.0199164
-0.0257007
0.0303172
0.0145385
-0.0347909
-0.0620316
-0.0595257
-0.0426891
0.0115739
0.278953
-0.0098035
-0.0564577
0.0550754
-0.07906
-0.00769895
0.0922447
-0.0152026
0.0476658
-0.0486083
0.042074
-0.0122501
0.00835256
-0.0316956
-0.0202601
-0.0543591
-0.103271
-0.0242272
-0.0806544
-0.0514153
-0.0405682
-0.0731464
0.226275
-0.0499265
0.0581331
-0.0180776
0.0145348
0.0666852
-0.0197357
0.000951315
0.0664897
-0.0332611
-0.0469365
0.00800153
-0.015106
0.0744271
-0.0513375
-0.017573
-0.0105349
0.00365904
-0.0595504
0.0187409
-0.0267298
0.0297989
-0.0543408
0.0562928
-0.00195028
-0.0203439
0.168886
-0.00305972
0.0261574
0.0750287
-0.0486478
-0.0353934
0.053796
0.0662779
-0.0343972
-0.0384638
-0.0471556
-0.0562704
-0.0514043
-0.0178067
0.00855634
0.0258681
-0.0475403
0.0202746
-0.0293847
0.0165772
0.00207169
0.00558141
-0.023422
-0.0537131
0.00901913
-0.0317041
0.029019
-0.0449314
-0.0478709
-0.00713794
-0.0120953
-0.010374
0.0251165
-0.05733
0.0103021
-0.0545993
0.0643557
-0.0629198
0.0605292
-0.0282152
0.053629
-0.0180473
-0.0517361
-0.0161644
-0.0583515
0.00251148
0.00190068
-0.0607457
-0.0384135
0.161553
-0.019912
0.0186619
-0.0244038
-0.0364395
-0.0160245
-0.0108908
-0.0408788
-0.00853971
0.0864127
-0.0408302
-0.0185274
-0.00372862
0.0567497
-0.0453649
0.129539
0.112968
-0.0680889
0.0340097
-0.0464957
-0.0140178
-0.0222175
-0.0257402
-0.0852558
-0.0188326
-0.0273228
-0.0257664
-0.00423673
-0.0396404
-0.0138286
0.00223796
